nPatients 120
nNurses 20
nDays 5
nurseAvail
2 2 2 2 2 0 0 0 0 0 0 0 0 0 0 0 0 0 0 0 
patAvail
2 2 2 2 2 2 2 2 2 2 2 2 2 2 2 2 2 2 2 2 2 2 2 2 2 0 0 0 0 0 0 0 0 0 0 0 0 0 0 0 0 0 0 0 0 0 0 0 0 0 0 0 0 0 0 0 0 0 0 0 0 0 0 0 0 0 0 0 0 0 0 0 0 0 0 0 0 0 0 0 
release
450 450 450 450 450 450 450 450 450 450 450 450 450 450 450 450 450 450 450 450 480 480 480 720 720 480 480 480 720 480 720 480 480 720 720 720 480 720 480 480 480 720 480 720 720 720 480 480 720 480 480 480 720 480 480 720 720 720 720 480 720 720 480 720 480 480 480 720 480 480 480 480 480 720 720 480 480 720 480 720 480 480 480 480 480 720 720 480 480 480 480 480 480 720 480 720 480 720 720 720 450 450 450 450 450 450 450 450 450 450 450 450 450 450 450 450 450 450 450 450 
deadline
990 990 990 990 990 990 990 990 990 990 990 990 990 990 990 990 990 990 990 990 720 720 720 1020 1020 720 720 720 1020 720 1020 720 720 1020 1020 1020 720 1020 720 720 720 1020 720 1020 1020 1020 720 720 1020 720 720 720 1020 720 720 1020 1020 1020 1020 720 1020 1020 720 1020 720 720 720 1020 720 720 720 720 720 1020 1020 720 720 1020 720 1020 720 720 720 720 720 1020 1020 720 720 720 720 720 720 1020 720 1020 720 1020 1020 1020 990 990 990 990 990 990 990 990 990 990 990 990 990 990 990 990 990 990 990 990 
duration
0 0 0 0 0 0 0 0 0 0 0 0 0 0 0 0 0 0 0 0 60 90 120 90 120 120 60 60 90 120 60 90 90 60 60 90 90 90 60 90 90 120 120 90 120 90 60 120 60 90 90 60 120 120 120 120 60 90 120 90 60 90 60 90 90 120 60 60 60 90 90 60 90 90 60 60 60 60 60 60 60 90 90 120 60 60 90 60 90 60 120 60 90 90 90 120 60 120 60 90 0 0 0 0 0 0 0 0 0 0 0 0 0 0 0 0 0 0 0 0 
dayReq
5 5 5 5 5 5 5 5 5 5 5 5 5 5 5 5 5 5 5 5 1 2 1 2 1 3 3 1 3 2 4 3 3 4 1 3 3 4 2 5 4 3 3 1 4 3 3 2 1 1 1 2 3 2 1 2 2 2 2 3 3 3 2 3 3 3 3 1 2 1 2 1 3 3 3 2 1 1 1 3 2 2 2 3 3 1 3 3 2 2 4 3 3 2 1 3 1 2 4 2 5 5 5 5 5 5 5 5 5 5 5 5 5 5 5 5 5 5 5 5 
code
0 0 0 0 0 0 0 0 0 0 0 0 0 0 0 0 0 0 0 0 0 0 0 0 0 0 0 0 0 0 0 0 0 0 0 0 0 0 0 0 0 0 0 0 0 0 0 0 0 0 0 0 0 0 0 0 0 0 0 0 0 0 0 0 0 0 0 0 0 0 0 0 0 0 0 0 0 0 0 0 0 0 0 0 0 0 0 0 0 0 0 0 0 0 0 0 0 0 0 0 0 0 0 0 0 0 0 0 0 0 0 0 0 0 0 0 0 0 0 0 
nurseType
1 1 1 1 1 1 1 1 1 1 1 1 1 1 1 1 1 1 1 1 
maxWeekly
2400 2400 2400 2400 2400 2400 2400 2400 2400 2400 2400 2400 2400 2400 2400 2400 2400 2400 2400 2400 
base
1 101 2 102 3 103 4 104 5 105 6 106 7 107 8 108 9 109 10 110 11 111 12 112 13 113 14 114 15 115 16 116 17 117 18 118 19 119 20 120 
travelTime
0 0 0 0 0 0 0 0 0 0 0 0 0 0 0 0 0 0 0 0 12 34 35 40 29 10 43 13 49 7 3 40 39 18 16 19 41 34 34 28 20 29 43 23 19 46 41 23 37 9 18 4 32 45 10 38 37 25 37 19 10 17 27 20 17 39 47 37 8 35 21 40 25 53 33 1 41 35 44 26 35 10 40 35 29 6 33 31 30 23 6 37 30 9 41 13 21 25 19 8 0 0 0 0 0 0 0 0 0 0 0 0 0 0 0 0 0 0 0 0 
0 0 0 0 0 0 0 0 0 0 0 0 0 0 0 0 0 0 0 0 15 33 16 39 35 16 41 15 35 18 23 25 38 18 13 2 30 38 33 8 36 9 47 34 4 31 37 28 17 28 35 24 19 32 13 27 33 8 38 11 10 7 36 9 35 27 32 45 13 15 10 44 34 40 37 21 35 31 39 30 29 31 32 16 8 25 30 36 36 14 26 39 12 22 46 24 20 23 29 28 0 0 0 0 0 0 0 0 0 0 0 0 0 0 0 0 0 0 0 0 
0 0 0 0 0 0 0 0 0 0 0 0 0 0 0 0 0 0 0 0 35 17 45 15 29 50 14 34 13 50 47 17 15 29 31 40 9 26 17 40 45 32 27 37 35 16 9 28 32 46 45 50 19 11 47 11 12 45 19 49 41 44 33 47 47 12 17 34 41 34 29 24 32 12 26 46 8 12 8 25 12 53 6 45 37 45 15 27 29 25 48 22 29 39 29 37 25 22 35 49 0 0 0 0 0 0 0 0 0 0 0 0 0 0 0 0 0 0 0 0 
0 0 0 0 0 0 0 0 0 0 0 0 0 0 0 0 0 0 0 0 17 39 37 45 33 10 48 18 54 7 6 45 44 23 22 22 46 38 39 31 22 33 48 27 23 51 46 28 41 12 20 3 37 50 12 44 42 27 42 20 14 19 31 22 19 45 52 41 13 39 25 45 30 59 37 6 46 41 49 31 40 9 46 37 32 9 38 35 34 29 8 42 34 14 45 18 27 30 23 8 0 0 0 0 0 0 0 0 0 0 0 0 0 0 0 0 0 0 0 0 
0 0 0 0 0 0 0 0 0 0 0 0 0 0 0 0 0 0 0 0 7 31 29 37 28 9 40 8 43 8 9 33 36 14 11 13 35 32 31 22 23 22 42 24 12 40 37 21 30 14 22 10 26 39 7 33 33 19 35 15 4 12 27 16 22 34 41 37 1 29 14 39 25 48 31 7 36 31 40 24 30 17 35 29 22 11 29 30 29 17 12 35 23 10 40 13 17 21 19 14 0 0 0 0 0 0 0 0 0 0 0 0 0 0 0 0 0 0 0 0 
0 0 0 0 0 0 0 0 0 0 0 0 0 0 0 0 0 0 0 0 2 22 32 28 20 18 31 1 37 17 14 28 27 5 5 17 28 24 22 24 20 21 33 18 13 34 28 13 29 15 19 16 20 33 16 26 24 24 25 22 10 18 20 22 20 27 36 30 8 28 10 30 18 41 23 13 28 23 31 15 22 21 27 32 24 13 20 21 21 12 15 26 21 8 31 8 8 12 13 17 0 0 0 0 0 0 0 0 0 0 0 0 0 0 0 0 0 0 0 0 
0 0 0 0 0 0 0 0 0 0 0 0 0 0 0 0 0 0 0 0 15 39 31 45 35 3 48 16 51 0 10 40 44 22 19 16 43 40 39 25 27 27 49 30 18 47 45 29 35 16 25 9 33 47 5 40 41 20 42 13 9 13 34 15 24 41 48 44 9 33 21 46 32 55 39 8 44 39 48 32 38 15 43 31 26 13 37 37 36 25 13 43 29 16 47 20 25 29 25 14 0 0 0 0 0 0 0 0 0 0 0 0 0 0 0 0 0 0 0 0 
0 0 0 0 0 0 0 0 0 0 0 0 0 0 0 0 0 0 0 0 11 32 37 37 25 13 40 11 48 11 2 39 36 16 16 21 39 30 32 30 16 29 40 19 20 45 39 20 38 6 14 5 31 44 13 37 34 27 34 22 12 19 23 23 14 38 47 34 9 36 20 37 22 52 29 2 38 33 42 23 33 9 38 37 30 3 31 27 26 23 4 34 30 6 37 10 19 23 16 6 0 0 0 0 0 0 0 0 0 0 0 0 0 0 0 0 0 0 0 0 
0 0 0 0 0 0 0 0 0 0 0 0 0 0 0 0 0 0 0 0 4 28 30 34 25 12 37 5 41 11 9 32 33 11 9 14 33 29 28 23 21 22 39 21 12 38 34 18 30 13 20 11 24 37 10 31 30 21 31 18 6 14 24 18 20 32 40 34 3 29 13 36 22 45 28 8 34 28 37 21 28 17 33 30 23 10 26 26 26 16 12 32 23 8 37 11 14 18 16 14 0 0 0 0 0 0 0 0 0 0 0 0 0 0 0 0 0 0 0 0 
0 0 0 0 0 0 0 0 0 0 0 0 0 0 0 0 0 0 0 0 23 9 38 13 20 38 14 22 18 38 35 14 11 17 19 30 9 19 9 32 34 24 24 27 24 18 9 17 27 34 34 38 11 15 35 8 6 35 14 38 29 33 24 37 36 10 20 28 29 28 18 21 22 21 19 34 7 4 11 15 2 41 6 38 29 33 5 19 20 14 36 17 21 27 25 25 13 10 24 37 0 0 0 0 0 0 0 0 0 0 0 0 0 0 0 0 0 0 0 0 
0 0 0 0 0 0 0 0 0 0 0 0 0 0 0 0 0 0 0 0 15 38 20 44 37 8 46 16 44 10 18 33 42 21 16 6 37 41 38 14 34 18 50 34 10 39 42 30 25 24 32 18 27 40 5 35 39 10 42 5 7 2 37 5 32 35 40 47 10 23 16 47 35 48 40 16 41 36 45 32 35 25 39 20 16 21 35 38 38 20 21 43 20 20 49 23 23 27 29 23 0 0 0 0 0 0 0 0 0 0 0 0 0 0 0 0 0 0 0 0 
0 0 0 0 0 0 0 0 0 0 0 0 0 0 0 0 0 0 0 0 22 21 26 26 30 34 27 21 17 34 35 6 24 18 17 21 11 30 21 21 40 12 37 34 17 13 21 24 14 36 39 37 2 13 30 8 19 25 26 30 25 26 33 28 41 8 14 39 26 15 13 33 31 21 30 33 19 16 23 24 15 42 15 26 18 34 17 30 30 10 36 29 9 29 37 28 16 16 30 39 0 0 0 0 0 0 0 0 0 0 0 0 0 0 0 0 0 0 0 0 
0 0 0 0 0 0 0 0 0 0 0 0 0 0 0 0 0 0 0 0 18 11 35 16 19 33 18 17 22 33 30 15 14 12 14 25 12 19 11 28 30 21 26 24 20 20 13 14 25 30 31 33 9 17 30 10 10 31 16 34 24 28 22 32 32 12 22 28 24 25 13 22 20 25 19 29 12 7 16 13 6 36 11 35 26 29 6 18 19 9 31 18 18 23 26 21 9 6 20 33 0 0 0 0 0 0 0 0 0 0 0 0 0 0 0 0 0 0 0 0 
0 0 0 0 0 0 0 0 0 0 0 0 0 0 0 0 0 0 0 0 18 35 45 40 26 20 43 18 54 17 7 46 40 22 23 29 45 31 35 38 12 37 40 18 28 52 42 23 46 4 10 8 38 50 21 43 38 35 36 29 20 27 23 31 9 45 54 32 17 44 28 38 22 58 30 9 43 38 46 26 37 4 44 45 38 5 35 28 27 30 4 36 38 11 37 13 25 28 16 2 0 0 0 0 0 0 0 0 0 0 0 0 0 0 0 0 0 0 0 0 
0 0 0 0 0 0 0 0 0 0 0 0 0 0 0 0 0 0 0 0 13 36 22 42 35 7 45 14 43 9 16 33 41 19 14 7 37 39 36 16 31 18 48 32 10 39 41 28 26 22 30 16 26 40 4 34 37 12 40 7 5 4 35 8 30 34 40 45 8 24 15 45 33 48 38 14 40 35 44 30 34 23 38 22 17 19 33 36 36 19 19 41 21 18 47 21 22 26 27 21 0 0 0 0 0 0 0 0 0 0 0 0 0 0 0 0 0 0 0 0 
0 0 0 0 0 0 0 0 0 0 0 0 0 0 0 0 0 0 0 0 23 8 39 12 19 38 14 22 19 38 34 15 11 16 19 30 9 18 8 32 33 24 23 26 25 19 9 16 28 34 33 37 12 16 35 9 6 35 13 38 29 33 23 37 35 11 21 27 28 28 18 20 22 22 18 34 7 3 11 14 1 40 6 39 30 33 4 18 19 14 35 16 22 27 24 24 13 9 23 37 0 0 0 0 0 0 0 0 0 0 0 0 0 0 0 0 0 0 0 0 
0 0 0 0 0 0 0 0 0 0 0 0 0 0 0 0 0 0 0 0 4 27 27 34 26 13 36 5 38 13 13 28 32 10 6 11 30 30 27 19 25 18 39 24 8 35 33 19 26 17 23 15 21 34 10 28 29 18 31 16 4 11 26 16 24 29 36 36 4 25 9 36 24 43 29 12 32 27 36 21 26 21 31 27 19 14 25 27 27 13 16 32 19 11 38 13 13 17 19 18 0 0 0 0 0 0 0 0 0 0 0 0 0 0 0 0 0 0 0 0 
0 0 0 0 0 0 0 0 0 0 0 0 0 0 0 0 0 0 0 0 19 13 48 17 3 34 21 18 39 32 24 33 17 14 20 33 29 8 13 40 15 35 17 7 29 38 21 5 41 20 16 27 27 35 32 28 18 40 13 39 27 35 4 39 18 30 40 13 25 41 24 15 2 41 7 25 22 18 24 5 19 27 25 48 38 21 16 5 4 22 23 12 34 16 15 12 14 13 7 24 0 0 0 0 0 0 0 0 0 0 0 0 0 0 0 0 0 0 0 0 
0 0 0 0 0 0 0 0 0 0 0 0 0 0 0 0 0 0 0 0 39 28 39 28 40 51 27 38 1 52 52 12 27 34 34 39 11 38 28 36 53 28 40 47 35 6 22 36 25 52 54 54 19 6 48 13 23 41 31 48 43 43 44 45 55 11 6 46 43 27 31 37 42 4 38 50 20 22 21 35 21 59 15 39 33 51 24 38 40 27 53 34 25 45 42 43 31 29 43 55 0 0 0 0 0 0 0 0 0 0 0 0 0 0 0 0 0 0 0 0 
0 0 0 0 0 0 0 0 0 0 0 0 0 0 0 0 0 0 0 0 31 17 39 18 29 45 18 30 9 45 43 10 17 25 26 34 2 27 17 34 43 25 30 36 29 10 12 26 26 43 44 46 13 6 41 5 13 38 21 43 36 38 33 41 46 5 12 36 36 27 24 27 32 11 27 42 10 11 13 25 11 50 5 39 31 42 14 28 29 20 44 24 23 36 32 34 22 19 33 46 0 0 0 0 0 0 0 0 0 0 0 0 0 0 0 0 0 0 0 0 
0 0 0 0 0 0 0 0 0 0 0 0 0 0 0 0 0 0 0 0 0 24 30 30 22 16 33 1 38 15 13 28 29 7 5 15 29 26 24 23 21 20 35 20 11 35 30 15 28 15 20 15 21 33 14 27 26 22 28 20 8 16 22 20 21 28 36 32 6 27 10 32 20 42 25 11 29 24 33 17 24 20 29 30 22 13 22 23 23 12 14 28 21 8 34 9 10 14 14 17 0 0 0 0 0 0 0 0 0 0 0 0 0 0 0 0 0 0 0 0 
0 0 0 0 0 0 0 0 0 0 0 0 0 0 0 0 0 0 0 0 24 0 45 6 13 40 9 23 26 39 34 24 5 17 22 34 17 10 0 38 28 31 15 21 29 27 8 12 36 31 29 37 20 23 37 17 4 41 5 42 32 37 17 41 31 19 29 19 30 36 23 12 16 28 10 33 9 6 11 9 7 39 12 45 36 31 4 11 12 19 34 8 29 26 16 22 14 10 19 35 0 0 0 0 0 0 0 0 0 0 0 0 0 0 0 0 0 0 0 0 
0 0 0 0 0 0 0 0 0 0 0 0 0 0 0 0 0 0 0 0 30 45 0 50 50 28 52 31 38 31 38 29 49 33 28 16 37 52 45 8 51 14 60 50 19 33 47 42 14 43 50 38 27 36 25 34 44 10 50 18 25 18 51 16 51 33 33 60 28 12 24 57 49 43 51 36 45 41 49 44 40 45 41 0 9 40 41 50 50 26 41 52 17 38 60 40 34 36 44 43 0 0 0 0 0 0 0 0 0 0 0 0 0 0 0 0 0 0 0 0 
0 0 0 0 0 0 0 0 0 0 0 0 0 0 0 0 0 0 0 0 30 6 50 0 16 46 3 29 27 45 39 26 1 23 28 40 19 11 6 44 32 36 12 24 35 29 6 17 40 37 34 42 24 24 44 20 6 47 4 48 38 43 20 47 36 22 31 19 36 40 29 9 19 27 12 39 8 9 8 15 11 44 13 50 41 37 9 13 15 25 39 7 34 31 14 28 20 16 24 41 0 0 0 0 0 0 0 0 0 0 0 0 0 0 0 0 0 0 0 0 
0 0 0 0 0 0 0 0 0 0 0 0 0 0 0 0 0 0 0 0 22 13 50 16 0 37 19 21 39 35 27 34 16 17 23 36 29 5 13 42 17 37 14 9 31 38 20 8 43 23 18 30 28 35 35 28 17 43 11 42 30 38 4 42 21 30 40 10 28 43 26 12 4 40 4 28 21 18 23 6 19 30 25 50 41 24 16 2 1 24 26 10 35 20 12 16 16 15 10 27 0 0 0 0 0 0 0 0 0 0 0 0 0 0 0 0 0 0 0 0 
0 0 0 0 0 0 0 0 0 0 0 0 0 0 0 0 0 0 0 0 16 40 28 46 37 0 49 17 50 3 13 40 45 23 19 14 43 41 40 22 30 25 51 32 17 46 46 30 33 19 28 12 33 46 4 40 42 18 44 10 9 10 36 12 27 41 47 46 10 31 21 48 34 55 40 11 45 40 49 33 39 18 44 28 24 16 38 39 38 25 16 44 28 18 49 22 26 30 28 17 0 0 0 0 0 0 0 0 0 0 0 0 0 0 0 0 0 0 0 0 
0 0 0 0 0 0 0 0 0 0 0 0 0 0 0 0 0 0 0 0 33 9 52 3 19 49 0 32 26 48 43 27 4 26 31 43 19 14 9 46 36 38 13 27 37 28 6 21 41 40 37 46 25 24 46 20 8 49 7 51 40 46 23 50 39 22 30 21 39 42 31 10 22 26 15 42 8 11 6 18 12 47 13 52 43 40 12 16 18 27 42 9 36 35 16 31 23 19 27 44 0 0 0 0 0 0 0 0 0 0 0 0 0 0 0 0 0 0 0 0 
0 0 0 0 0 0 0 0 0 0 0 0 0 0 0 0 0 0 0 0 1 23 31 29 21 17 32 0 37 16 13 28 28 6 4 15 28 25 23 23 21 20 34 19 11 34 29 14 28 15 20 16 20 33 15 26 25 22 27 21 9 16 21 21 21 27 35 31 7 27 9 31 19 41 24 12 28 23 32 17 23 21 28 31 22 13 21 22 22 11 15 28 20 8 33 9 9 13 14 17 0 0 0 0 0 0 0 0 0 0 0 0 0 0 0 0 0 0 0 0 
0 0 0 0 0 0 0 0 0 0 0 0 0 0 0 0 0 0 0 0 38 26 38 27 39 50 26 37 0 51 50 10 26 33 33 38 10 36 26 35 52 27 39 45 34 5 21 35 24 51 52 53 17 4 47 11 22 40 30 47 41 42 42 44 54 10 6 45 42 26 29 36 41 5 37 49 19 21 20 34 20 57 14 38 32 49 23 37 38 26 52 33 24 44 41 42 30 27 42 54 0 0 0 0 0 0 0 0 0 0 0 0 0 0 0 0 0 0 0 0 
0 0 0 0 0 0 0 0 0 0 0 0 0 0 0 0 0 0 0 0 15 39 31 45 35 3 48 16 51 0 10 40 44 22 19 16 43 40 39 25 27 27 49 30 18 47 45 29 35 16 25 9 33 47 5 40 41 20 42 13 9 13 34 15 24 41 48 44 9 33 21 46 32 55 39 8 44 39 48 32 38 15 43 31 26 13 37 37 36 25 13 43 29 16 47 20 25 29 25 14 0 0 0 0 0 0 0 0 0 0 0 0 0 0 0 0 0 0 0 0 
0 0 0 0 0 0 0 0 0 0 0 0 0 0 0 0 0 0 0 0 13 34 38 39 27 13 43 13 50 10 0 41 39 18 18 22 42 32 34 31 17 31 41 21 21 47 41 22 40 6 15 3 33 46 14 39 37 28 36 22 13 20 25 24 14 40 49 35 10 38 22 39 24 54 31 2 40 35 44 25 35 8 41 38 32 4 33 29 28 25 3 36 32 8 39 12 21 25 17 5 0 0 0 0 0 0 0 0 0 0 0 0 0 0 0 0 0 0 0 0 
0 0 0 0 0 0 0 0 0 0 0 0 0 0 0 0 0 0 0 0 28 24 29 26 34 40 27 28 10 40 41 0 25 24 23 27 8 33 24 25 45 17 38 39 23 6 21 29 16 42 45 43 8 7 36 7 20 30 28 36 31 32 37 34 47 5 8 42 32 17 19 35 35 15 33 40 19 18 22 28 16 48 14 29 22 41 19 33 34 16 43 31 14 35 39 34 22 21 35 45 0 0 0 0 0 0 0 0 0 0 0 0 0 0 0 0 0 0 0 0 
0 0 0 0 0 0 0 0 0 0 0 0 0 0 0 0 0 0 0 0 29 5 49 1 16 45 4 28 26 44 39 25 0 22 27 39 17 12 5 42 32 35 13 24 34 27 5 17 38 36 33 42 23 23 42 18 5 45 4 47 36 42 20 46 36 20 29 20 35 39 27 10 19 26 12 38 7 8 7 14 9 43 12 49 40 36 8 13 15 24 38 7 33 31 15 27 19 15 23 40 0 0 0 0 0 0 0 0 0 0 0 0 0 0 0 0 0 0 0 0 
0 0 0 0 0 0 0 0 0 0 0 0 0 0 0 0 0 0 0 0 7 17 33 23 17 23 26 6 33 22 18 24 22 0 6 19 23 20 17 26 21 21 29 17 14 30 23 9 28 18 21 21 17 28 20 21 19 26 21 26 15 21 18 25 22 23 32 27 13 27 9 26 16 36 19 17 23 17 26 11 17 25 22 33 24 17 15 18 18 9 19 22 20 11 28 10 3 7 12 21 0 0 0 0 0 0 0 0 0 0 0 0 0 0 0 0 0 0 0 0 
0 0 0 0 0 0 0 0 0 0 0 0 0 0 0 0 0 0 0 0 5 22 28 28 23 19 31 4 33 19 18 23 27 6 0 13 25 26 22 20 25 16 35 22 9 30 27 15 24 20 24 20 16 29 16 22 23 21 26 21 10 16 23 20 25 23 31 33 9 23 5 31 21 37 25 16 26 21 30 17 20 25 25 28 19 17 19 23 23 7 19 27 16 13 33 13 8 11 17 22 0 0 0 0 0 0 0 0 0 0 0 0 0 0 0 0 0 0 0 0 
0 0 0 0 0 0 0 0 0 0 0 0 0 0 0 0 0 0 0 0 15 34 16 40 36 14 43 15 38 16 22 27 39 19 13 0 32 39 34 9 35 11 48 34 5 33 38 28 19 27 34 23 21 34 11 29 35 7 39 9 9 4 36 7 35 29 34 46 12 17 12 45 34 42 38 20 37 32 41 30 31 29 34 16 10 24 31 37 37 16 25 40 14 22 47 24 21 24 29 27 0 0 0 0 0 0 0 0 0 0 0 0 0 0 0 0 0 0 0 0 
0 0 0 0 0 0 0 0 0 0 0 0 0 0 0 0 0 0 0 0 29 17 37 19 29 43 19 28 10 43 42 8 17 23 25 32 0 27 17 32 42 24 31 35 27 10 13 25 24 42 42 44 11 6 40 3 13 36 21 41 34 36 33 39 44 4 12 36 34 25 22 27 31 13 27 40 11 11 14 24 10 48 5 37 29 40 13 27 29 18 43 24 21 35 32 33 21 18 32 45 0 0 0 0 0 0 0 0 0 0 0 0 0 0 0 0 0 0 0 0 
0 0 0 0 0 0 0 0 0 0 0 0 0 0 0 0 0 0 0 0 26 10 52 11 5 41 14 25 36 40 32 33 12 20 26 39 27 0 10 45 22 38 9 14 34 37 17 11 44 28 23 35 28 33 39 27 14 46 7 46 34 41 9 45 26 29 39 9 32 44 28 7 9 38 1 32 18 16 19 9 17 35 22 52 43 29 14 3 4 26 31 5 37 24 8 20 18 16 15 32 0 0 0 0 0 0 0 0 0 0 0 0 0 0 0 0 0 0 0 0 
0 0 0 0 0 0 0 0 0 0 0 0 0 0 0 0 0 0 0 0 24 0 45 6 13 40 9 23 26 39 34 24 5 17 22 34 17 10 0 38 28 31 15 21 29 27 8 12 36 31 29 37 20 23 37 17 4 41 5 42 32 37 17 41 31 19 29 19 30 36 23 12 16 28 10 33 9 6 11 9 7 39 12 45 36 31 4 11 12 19 34 8 29 26 16 22 14 10 19 35 0 0 0 0 0 0 0 0 0 0 0 0 0 0 0 0 0 0 0 0 
0 0 0 0 0 0 0 0 0 0 0 0 0 0 0 0 0 0 0 0 23 38 8 44 42 22 46 23 35 25 31 25 42 26 20 9 32 45 38 0 44 8 53 42 12 30 41 35 13 36 43 32 21 32 19 29 38 6 43 14 18 12 43 11 43 28 30 52 21 10 16 50 41 40 44 29 39 35 43 36 34 38 35 8 3 33 34 43 43 19 34 45 11 30 52 32 26 29 37 36 0 0 0 0 0 0 0 0 0 0 0 0 0 0 0 0 0 0 0 0 
0 0 0 0 0 0 0 0 0 0 0 0 0 0 0 0 0 0 0 0 21 28 51 32 17 30 36 21 52 27 17 45 32 21 25 35 42 22 28 44 0 41 30 8 32 51 36 17 49 11 2 19 38 48 30 41 33 42 28 38 27 35 13 39 4 42 52 21 24 48 30 28 13 55 21 18 37 33 39 19 33 16 39 51 43 13 30 19 18 30 14 27 41 14 26 12 23 25 10 14 0 0 0 0 0 0 0 0 0 0 0 0 0 0 0 0 0 0 0 0 
0 0 0 0 0 0 0 0 0 0 0 0 0 0 0 0 0 0 0 0 20 31 14 36 37 25 38 20 27 27 31 17 35 21 16 11 24 38 31 8 41 0 46 38 10 23 33 29 9 35 40 32 13 24 22 21 30 13 36 20 18 16 38 17 41 20 23 47 21 7 11 43 36 32 38 29 31 27 35 30 26 39 27 14 5 32 27 37 37 13 34 38 3 28 46 29 21 22 33 36 0 0 0 0 0 0 0 0 0 0 0 0 0 0 0 0 0 0 0 0 
0 0 0 0 0 0 0 0 0 0 0 0 0 0 0 0 0 0 0 0 35 15 60 12 14 51 13 34 39 49 41 38 13 29 35 48 31 9 15 53 30 46 0 22 43 41 18 21 51 37 31 44 35 36 49 32 18 55 10 55 43 50 17 54 34 34 43 10 41 51 37 4 18 39 10 42 20 21 19 18 22 44 25 60 51 38 20 12 13 34 40 8 44 34 4 30 27 24 24 41 0 0 0 0 0 0 0 0 0 0 0 0 0 0 0 0 0 0 0 0 
0 0 0 0 0 0 0 0 0 0 0 0 0 0 0 0 0 0 0 0 20 21 50 24 9 32 27 19 45 30 21 39 24 17 22 34 35 14 21 42 8 38 22 0 30 44 28 10 45 15 9 23 32 41 31 34 25 42 20 39 27 35 5 39 12 36 46 15 24 45 27 21 5 48 13 21 29 25 31 12 26 22 32 50 41 17 22 11 10 26 19 19 37 14 19 11 18 18 5 19 0 0 0 0 0 0 0 0 0 0 0 0 0 0 0 0 0 0 0 0 
0 0 0 0 0 0 0 0 0 0 0 0 0 0 0 0 0 0 0 0 11 29 19 35 31 17 37 11 34 18 21 23 34 14 9 5 27 34 29 12 32 10 43 30 0 30 33 23 18 25 31 22 16 30 13 24 29 12 34 14 9 9 32 12 32 25 31 41 11 17 6 39 30 38 33 19 32 27 36 25 26 29 29 19 11 22 26 32 32 10 24 35 11 19 42 21 16 19 25 26 0 0 0 0 0 0 0 0 0 0 0 0 0 0 0 0 0 0 0 0 
0 0 0 0 0 0 0 0 0 0 0 0 0 0 0 0 0 0 0 0 35 27 33 29 38 46 28 34 5 47 47 6 27 30 30 33 10 37 27 30 51 23 41 44 30 0 23 34 19 49 51 50 14 4 43 10 23 36 31 42 37 38 42 40 52 8 2 46 38 21 26 37 40 10 37 46 21 21 23 33 20 55 15 33 27 47 23 37 38 23 49 34 20 41 42 40 28 26 40 51 0 0 0 0 0 0 0 0 0 0 0 0 0 0 0 0 0 0 0 0 
0 0 0 0 0 0 0 0 0 0 0 0 0 0 0 0 0 0 0 0 30 8 47 6 20 46 6 29 21 45 41 21 5 23 27 38 13 17 8 41 36 33 18 28 33 23 0 20 35 39 37 44 20 18 43 14 4 44 9 47 37 42 24 45 39 16 25 25 36 36 27 15 23 21 17 40 2 6 3 17 7 46 8 47 38 39 8 18 19 23 41 12 30 33 20 30 20 16 27 43 0 0 0 0 0 0 0 0 0 0 0 0 0 0 0 0 0 0 0 0 
0 0 0 0 0 0 0 0 0 0 0 0 0 0 0 0 0 0 0 0 15 12 42 17 8 30 21 14 35 29 22 29 17 9 15 28 25 11 12 35 17 29 21 10 23 34 20 0 36 19 18 25 22 31 28 24 16 35 14 35 23 30 9 34 20 26 36 18 21 35 18 18 7 37 10 22 20 16 23 3 16 27 22 42 33 19 13 9 8 17 22 14 28 14 19 10 9 8 7 23 0 0 0 0 0 0 0 0 0 0 0 0 0 0 0 0 0 0 0 0 
0 0 0 0 0 0 0 0 0 0 0 0 0 0 0 0 0 0 0 0 28 36 14 40 43 33 41 28 24 35 40 16 38 28 24 19 24 44 36 13 49 9 51 45 18 19 35 36 0 43 48 41 16 22 30 21 33 18 40 26 27 23 45 24 49 20 19 53 29 2 19 47 43 29 43 38 33 31 37 37 29 47 28 14 10 41 31 43 43 19 42 43 8 36 51 37 27 28 40 44 0 0 0 0 0 0 0 0 0 0 0 0 0 0 0 0 0 0 0 0 
0 0 0 0 0 0 0 0 0 0 0 0 0 0 0 0 0 0 0 0 15 31 43 37 23 19 40 15 51 16 6 42 36 18 20 27 42 28 31 36 11 35 37 15 25 49 39 19 43 0 8 9 35 47 20 40 35 34 33 28 18 26 20 29 8 41 50 30 15 42 25 35 19 54 27 8 39 34 42 22 34 7 40 43 36 3 31 25 24 26 4 32 35 7 34 9 21 24 13 4 0 0 0 0 0 0 0 0 0 0 0 0 0 0 0 0 0 0 0 0 
0 0 0 0 0 0 0 0 0 0 0 0 0 0 0 0 0 0 0 0 20 29 50 34 18 28 37 20 52 25 15 45 33 21 24 34 42 23 29 43 2 40 31 9 31 51 37 18 48 8 0 17 37 48 28 41 33 41 30 36 25 33 15 37 2 43 52 23 22 47 29 30 14 55 22 16 38 33 40 20 33 14 40 50 42 11 30 21 19 30 12 28 40 12 28 11 23 25 11 12 0 0 0 0 0 0 0 0 0 0 0 0 0 0 0 0 0 0 0 0 
0 0 0 0 0 0 0 0 0 0 0 0 0 0 0 0 0 0 0 0 15 37 38 42 30 12 46 16 53 9 3 43 42 21 20 23 44 35 37 32 19 32 44 23 22 50 44 25 41 9 17 0 35 48 13 42 40 28 39 21 14 20 28 23 16 43 51 38 12 39 24 42 26 57 34 4 43 38 47 28 38 7 43 38 32 6 36 32 31 27 5 39 34 11 42 15 24 28 20 6 0 0 0 0 0 0 0 0 0 0 0 0 0 0 0 0 0 0 0 0 
0 0 0 0 0 0 0 0 0 0 0 0 0 0 0 0 0 0 0 0 21 20 27 24 28 33 25 20 17 33 33 8 23 17 16 21 11 28 20 21 38 13 35 32 16 14 20 22 16 35 37 35 0 13 29 8 18 25 25 30 24 25 31 28 39 8 16 37 24 16 12 31 29 22 28 32 18 15 22 22 13 40 14 27 18 33 15 28 28 8 35 27 10 27 35 26 15 14 28 37 0 0 0 0 0 0 0 0 0 0 0 0 0 0 0 0 0 0 0 0 
0 0 0 0 0 0 0 0 0 0 0 0 0 0 0 0 0 0 0 0 33 23 36 24 35 46 24 33 4 47 46 7 23 28 29 34 6 33 23 32 48 24 36 41 30 4 18 31 22 47 48 48 13 0 43 7 19 37 27 43 37 38 39 41 50 6 6 42 38 24 25 33 37 9 33 45 16 17 18 30 16 53 11 36 29 45 19 34 35 22 47 30 21 40 38 38 26 23 38 49 0 0 0 0 0 0 0 0 0 0 0 0 0 0 0 0 0 0 0 0 
0 0 0 0 0 0 0 0 0 0 0 0 0 0 0 0 0 0 0 0 14 37 25 44 35 4 46 15 47 5 14 36 42 20 16 11 40 39 37 19 30 22 49 31 13 43 43 28 30 20 28 13 29 43 0 37 39 15 41 9 6 7 34 10 28 37 44 45 8 28 18 46 32 51 38 12 42 37 46 31 36 20 40 25 21 17 35 37 36 22 17 42 24 17 47 21 23 27 26 18 0 0 0 0 0 0 0 0 0 0 0 0 0 0 0 0 0 0 0 0 
0 0 0 0 0 0 0 0 0 0 0 0 0 0 0 0 0 0 0 0 27 17 34 20 28 40 20 26 11 40 39 7 18 21 22 29 3 27 17 29 41 21 32 34 24 10 14 24 21 40 41 42 8 7 37 0 14 33 22 38 31 33 32 36 43 2 12 36 31 22 19 28 30 15 27 38 12 11 16 23 10 46 7 34 26 38 13 27 28 15 40 25 18 33 33 31 18 16 30 42 0 0 0 0 0 0 0 0 0 0 0 0 0 0 0 0 0 0 0 0 
0 0 0 0 0 0 0 0 0 0 0 0 0 0 0 0 0 0 0 0 26 4 44 6 17 42 8 25 22 41 37 20 5 19 23 35 13 14 4 38 33 30 18 25 29 23 4 16 33 35 33 40 18 19 39 14 0 41 8 43 33 38 21 42 35 16 25 23 32 34 23 15 20 23 15 36 4 3 7 13 4 42 8 44 35 35 4 15 17 19 37 11 28 29 19 25 16 12 23 38 0 0 0 0 0 0 0 0 0 0 0 0 0 0 0 0 0 0 0 0 
0 0 0 0 0 0 0 0 0 0 0 0 0 0 0 0 0 0 0 0 22 41 10 47 43 18 49 22 40 20 28 30 45 26 21 7 36 46 41 6 42 13 55 42 12 36 44 35 18 34 41 28 25 37 15 33 41 0 45 9 16 8 44 6 41 33 36 53 19 16 18 51 41 45 45 26 42 38 46 37 37 35 39 10 9 30 37 44 44 21 31 47 16 29 54 31 28 31 36 33 0 0 0 0 0 0 0 0 0 0 0 0 0 0 0 0 0 0 0 0 
0 0 0 0 0 0 0 0 0 0 0 0 0 0 0 0 0 0 0 0 28 5 50 4 11 44 7 27 30 42 36 28 4 21 26 39 21 7 5 43 28 36 10 20 34 31 9 14 40 33 30 39 25 27 41 22 8 45 0 47 35 42 16 46 32 24 33 15 34 41 27 7 15 31 8 36 11 10 12 11 12 40 16 50 41 33 9 9 11 24 36 3 34 28 11 24 18 15 20 37 0 0 0 0 0 0 0 0 0 0 0 0 0 0 0 0 0 0 0 0 
0 0 0 0 0 0 0 0 0 0 0 0 0 0 0 0 0 0 0 0 20 42 18 48 42 10 51 21 47 13 22 36 47 26 21 9 41 46 42 14 38 20 55 39 14 42 47 35 26 28 36 21 30 43 9 38 43 9 47 0 12 5 42 3 36 38 43 52 15 24 20 52 40 51 45 20 46 41 50 37 40 28 43 18 16 25 39 43 43 24 25 48 22 25 54 28 28 32 34 27 0 0 0 0 0 0 0 0 0 0 0 0 0 0 0 0 0 0 0 0 
0 0 0 0 0 0 0 0 0 0 0 0 0 0 0 0 0 0 0 0 8 32 25 38 30 9 40 9 41 9 13 31 36 15 10 9 34 34 32 18 27 18 43 27 9 37 37 23 27 18 25 14 24 37 6 31 33 16 35 12 0 8 30 12 26 32 39 40 3 25 12 40 28 46 33 11 36 31 40 25 30 21 35 25 18 15 29 31 31 16 16 36 20 13 42 16 17 21 22 18 0 0 0 0 0 0 0 0 0 0 0 0 0 0 0 0 0 0 0 0 
0 0 0 0 0 0 0 0 0 0 0 0 0 0 0 0 0 0 0 0 16 37 18 43 38 10 46 16 42 13 20 32 42 21 16 4 36 41 37 12 35 16 50 35 9 38 42 30 23 26 33 20 25 38 7 33 38 8 42 5 8 0 37 4 34 34 38 47 11 21 15 47 35 47 40 18 40 36 45 32 35 27 38 18 14 23 34 39 38 19 23 43 18 21 49 24 23 27 30 25 0 0 0 0 0 0 0 0 0 0 0 0 0 0 0 0 0 0 0 0 
0 0 0 0 0 0 0 0 0 0 0 0 0 0 0 0 0 0 0 0 22 17 51 20 4 36 23 21 42 34 25 37 20 18 23 36 33 9 17 43 13 38 17 5 32 42 24 9 45 20 15 28 31 39 34 32 21 44 16 42 30 37 0 42 17 34 44 10 27 45 27 16 2 44 8 26 25 22 27 9 22 27 29 51 42 22 19 6 5 26 23 14 37 18 14 14 18 17 8 24 0 0 0 0 0 0 0 0 0 0 0 0 0 0 0 0 0 0 0 0 
0 0 0 0 0 0 0 0 0 0 0 0 0 0 0 0 0 0 0 0 20 41 16 47 42 12 50 21 44 15 24 34 46 25 20 7 39 45 41 11 39 17 54 39 12 40 45 34 24 29 37 23 28 41 10 36 42 6 46 3 12 4 42 0 37 36 40 52 15 21 19 51 40 49 44 22 44 39 48 37 38 30 41 16 14 26 38 43 43 23 27 47 20 26 53 29 27 31 34 28 0 0 0 0 0 0 0 0 0 0 0 0 0 0 0 0 0 0 0 0 
0 0 0 0 0 0 0 0 0 0 0 0 0 0 0 0 0 0 0 0 21 31 51 36 21 27 39 21 54 24 14 47 36 22 25 35 44 26 31 43 4 41 34 12 32 52 39 20 49 8 2 16 39 50 28 43 35 41 32 36 26 34 17 37 0 44 54 25 23 48 30 32 17 57 25 16 40 35 42 22 35 12 42 51 43 11 33 23 22 31 11 30 41 13 30 13 25 27 13 11 0 0 0 0 0 0 0 0 0 0 0 0 0 0 0 0 0 0 0 0 
0 0 0 0 0 0 0 0 0 0 0 0 0 0 0 0 0 0 0 0 28 19 33 22 30 41 22 27 10 41 40 5 20 23 23 29 4 29 19 28 42 20 34 36 25 8 16 26 20 41 43 43 8 6 37 2 16 33 24 38 32 34 34 36 44 0 10 38 32 21 20 30 32 14 29 39 14 13 17 25 12 47 9 33 25 40 15 29 30 16 42 26 17 34 35 32 20 18 32 44 0 0 0 0 0 0 0 0 0 0 0 0 0 0 0 0 0 0 0 0 
0 0 0 0 0 0 0 0 0 0 0 0 0 0 0 0 0 0 0 0 36 29 33 31 40 47 30 35 6 48 49 8 29 32 31 34 12 39 29 30 52 23 43 46 31 2 25 36 19 50 52 51 16 6 44 12 25 36 33 43 39 38 44 40 54 10 0 48 40 21 27 39 42 10 39 47 23 23 25 35 22 56 17 33 27 48 25 39 40 24 50 36 20 43 44 42 30 28 42 53 0 0 0 0 0 0 0 0 0 0 0 0 0 0 0 0 0 0 0 0 
0 0 0 0 0 0 0 0 0 0 0 0 0 0 0 0 0 0 0 0 32 19 60 19 10 46 21 31 45 44 35 42 20 27 33 46 36 9 19 52 21 47 10 15 41 46 25 18 53 30 23 38 37 42 45 36 23 53 15 52 40 47 10 52 25 38 48 0 37 52 36 11 12 46 9 36 26 25 27 16 26 36 31 60 51 32 23 10 9 34 33 12 45 28 6 24 26 24 18 34 0 0 0 0 0 0 0 0 0 0 0 0 0 0 0 0 0 0 0 0 
0 0 0 0 0 0 0 0 0 0 0 0 0 0 0 0 0 0 0 0 6 30 28 36 28 10 39 7 42 9 10 32 35 13 9 12 34 32 30 21 24 21 41 24 11 38 36 21 29 15 22 12 24 38 8 31 32 19 34 15 3 11 27 15 23 32 40 37 0 28 13 38 25 46 31 9 35 30 39 23 29 18 34 28 21 12 28 29 29 16 13 34 22 10 39 13 16 20 19 15 0 0 0 0 0 0 0 0 0 0 0 0 0 0 0 0 0 0 0 0 
0 0 0 0 0 0 0 0 0 0 0 0 0 0 0 0 0 0 0 0 27 36 12 40 43 31 42 27 26 33 38 17 39 27 23 17 25 44 36 10 48 7 51 45 17 21 36 35 2 42 47 39 16 24 28 22 34 16 41 24 25 21 45 21 48 21 21 52 28 0 18 47 42 31 43 36 34 31 38 36 30 46 29 12 8 39 31 43 43 19 41 43 7 35 51 36 27 28 39 43 0 0 0 0 0 0 0 0 0 0 0 0 0 0 0 0 0 0 0 0 
0 0 0 0 0 0 0 0 0 0 0 0 0 0 0 0 0 0 0 0 10 23 24 29 26 21 31 9 29 21 22 19 27 9 5 12 22 28 23 16 30 11 37 27 6 26 27 18 19 25 29 24 12 25 18 19 23 18 27 20 12 15 27 19 30 20 27 36 13 18 0 33 25 34 28 21 25 21 29 20 19 30 23 24 15 22 19 26 27 4 24 29 11 18 36 18 10 13 21 26 0 0 0 0 0 0 0 0 0 0 0 0 0 0 0 0 0 0 0 0 
0 0 0 0 0 0 0 0 0 0 0 0 0 0 0 0 0 0 0 0 32 12 57 9 12 48 10 31 36 46 39 35 10 26 31 45 27 7 12 50 28 43 4 21 39 37 15 18 47 35 30 42 31 33 46 28 15 51 7 52 40 47 16 51 32 30 39 11 38 47 33 0 16 36 8 39 17 17 16 15 18 42 22 57 47 36 16 10 11 30 38 4 41 31 5 27 24 21 22 39 0 0 0 0 0 0 0 0 0 0 0 0 0 0 0 0 0 0 0 0 
0 0 0 0 0 0 0 0 0 0 0 0 0 0 0 0 0 0 0 0 20 16 49 19 4 34 22 19 41 32 24 35 19 16 21 34 31 9 16 41 13 36 18 5 30 40 23 7 43 19 14 26 29 37 32 30 20 41 15 40 28 35 2 40 17 32 42 12 25 42 25 16 0 43 8 24 24 21 26 7 21 26 27 49 40 20 18 6 5 24 22 14 35 16 15 12 16 15 6 23 0 0 0 0 0 0 0 0 0 0 0 0 0 0 0 0 0 0 0 0 
0 0 0 0 0 0 0 0 0 0 0 0 0 0 0 0 0 0 0 0 42 28 43 27 40 55 26 41 5 55 54 15 26 36 37 42 13 38 28 40 55 32 39 48 38 10 21 37 29 54 55 57 22 9 51 15 23 45 31 51 46 47 44 49 57 14 10 46 46 31 34 36 43 0 38 53 20 22 20 36 22 61 16 43 37 53 25 39 40 30 55 34 29 47 41 45 33 30 44 57 0 0 0 0 0 0 0 0 0 0 0 0 0 0 0 0 0 0 0 0 
0 0 0 0 0 0 0 0 0 0 0 0 0 0 0 0 0 0 0 0 25 10 51 12 4 40 15 24 37 39 31 33 12 19 25 38 27 1 10 44 21 38 10 13 33 37 17 10 43 27 22 34 28 33 38 27 15 45 8 45 33 40 8 44 25 29 39 9 31 43 28 8 8 38 0 31 18 16 19 8 17 34 23 51 42 28 14 2 3 25 30 6 36 23 9 19 18 15 14 31 0 0 0 0 0 0 0 0 0 0 0 0 0 0 0 0 0 0 0 0 
0 0 0 0 0 0 0 0 0 0 0 0 0 0 0 0 0 0 0 0 11 33 36 39 28 11 42 12 49 8 2 40 38 17 16 20 40 32 33 29 18 29 42 21 19 46 40 22 38 8 16 4 32 45 12 38 36 26 36 20 11 18 26 22 16 39 47 36 9 36 21 39 24 53 31 0 40 35 43 25 34 9 40 36 30 5 32 29 29 23 5 36 30 8 39 12 21 24 18 7 0 0 0 0 0 0 0 0 0 0 0 0 0 0 0 0 0 0 0 0 
0 0 0 0 0 0 0 0 0 0 0 0 0 0 0 0 0 0 0 0 29 9 45 8 21 45 8 28 19 44 40 19 7 23 26 37 11 18 9 39 37 31 20 29 32 21 2 20 33 39 38 43 18 16 42 12 4 42 11 46 36 40 25 44 40 14 23 26 35 34 25 17 24 20 18 40 0 5 4 18 6 46 5 45 36 38 8 19 21 21 41 14 28 33 22 30 19 16 27 42 0 0 0 0 0 0 0 0 0 0 0 0 0 0 0 0 0 0 0 0 
0 0 0 0 0 0 0 0 0 0 0 0 0 0 0 0 0 0 0 0 24 6 41 9 18 40 11 23 21 39 35 18 8 17 21 32 11 16 6 35 33 27 21 25 27 21 6 16 31 34 33 38 15 17 37 11 3 38 10 41 31 36 22 39 35 13 23 25 30 31 21 17 21 22 16 35 5 0 9 14 1 41 7 41 32 34 3 16 18 17 36 13 25 28 22 25 14 10 23 38 0 0 0 0 0 0 0 0 0 0 0 0 0 0 0 0 0 0 0 0 
0 0 0 0 0 0 0 0 0 0 0 0 0 0 0 0 0 0 0 0 33 11 49 8 23 49 6 32 20 48 44 22 7 26 30 41 14 19 11 43 39 35 19 31 36 23 3 23 37 42 40 47 22 18 46 16 7 46 12 50 40 45 27 48 42 17 25 27 39 38 29 16 26 20 19 43 4 9 0 20 10 49 8 49 40 42 11 21 22 25 44 14 32 36 21 33 23 19 30 46 0 0 0 0 0 0 0 0 0 0 0 0 0 0 0 0 0 0 0 0 
0 0 0 0 0 0 0 0 0 0 0 0 0 0 0 0 0 0 0 0 17 9 44 15 6 33 18 17 34 32 25 28 14 11 17 30 24 9 9 36 19 30 18 12 25 33 17 3 37 22 20 28 22 30 31 23 13 37 11 37 25 32 9 37 22 25 35 16 23 36 20 15 7 36 8 25 18 14 20 0 14 29 20 44 35 22 11 6 7 18 25 11 29 17 16 13 10 8 9 26 0 0 0 0 0 0 0 0 0 0 0 0 0 0 0 0 0 0 0 0 
0 0 0 0 0 0 0 0 0 0 0 0 0 0 0 0 0 0 0 0 24 7 40 11 19 39 12 23 20 38 35 16 9 17 20 31 10 17 7 34 33 26 22 26 26 20 7 16 29 34 33 38 13 16 36 10 4 37 12 40 30 35 22 38 35 12 22 26 29 30 19 18 21 22 17 34 6 1 10 14 0 41 6 40 31 33 3 17 18 16 35 15 23 27 23 24 14 10 23 37 0 0 0 0 0 0 0 0 0 0 0 0 0 0 0 0 0 0 0 0 
0 0 0 0 0 0 0 0 0 0 0 0 0 0 0 0 0 0 0 0 20 39 45 44 30 18 47 21 57 15 8 48 43 25 25 29 48 35 39 38 16 39 44 22 29 55 46 27 47 7 14 7 40 53 20 46 42 35 40 28 21 27 27 30 12 47 56 36 18 46 30 42 26 61 34 9 46 41 49 29 41 0 47 45 39 8 38 32 31 32 6 40 40 14 41 17 28 31 20 4 0 0 0 0 0 0 0 0 0 0 0 0 0 0 0 0 0 0 0 0 
0 0 0 0 0 0 0 0 0 0 0 0 0 0 0 0 0 0 0 0 29 12 41 13 25 44 13 28 14 43 41 14 12 22 25 34 5 22 12 35 39 27 25 32 29 15 8 22 28 40 40 43 14 11 40 7 8 39 16 43 35 38 29 41 42 9 17 31 34 29 23 22 27 16 23 40 5 7 8 20 6 47 0 41 32 39 9 23 24 19 41 19 24 33 27 31 19 16 29 43 0 0 0 0 0 0 0 0 0 0 0 0 0 0 0 0 0 0 0 0 
0 0 0 0 0 0 0 0 0 0 0 0 0 0 0 0 0 0 0 0 30 45 0 50 50 28 52 31 38 31 38 29 49 33 28 16 37 52 45 8 51 14 60 50 19 33 47 42 14 43 50 38 27 36 25 34 44 10 50 18 25 18 51 16 51 33 33 60 28 12 24 57 49 43 51 36 45 41 49 44 40 45 41 0 9 40 41 50 50 26 41 52 17 38 60 40 34 36 44 43 0 0 0 0 0 0 0 0 0 0 0 0 0 0 0 0 0 0 0 0 
0 0 0 0 0 0 0 0 0 0 0 0 0 0 0 0 0 0 0 0 22 36 9 41 41 24 43 22 32 26 32 22 40 24 19 10 29 43 36 3 43 5 51 41 11 27 38 33 10 36 42 32 18 29 21 26 35 9 41 16 18 14 42 14 43 25 27 51 21 8 15 47 40 37 42 30 36 32 40 35 31 39 32 9 0 33 32 41 41 17 34 43 8 30 50 32 25 27 36 36 0 0 0 0 0 0 0 0 0 0 0 0 0 0 0 0 0 0 0 0 
0 0 0 0 0 0 0 0 0 0 0 0 0 0 0 0 0 0 0 0 13 31 40 37 24 16 40 13 49 13 4 41 36 17 17 24 40 29 31 33 13 32 38 17 22 47 39 19 41 3 11 6 33 45 17 38 35 30 33 25 15 23 22 26 11 40 48 32 12 39 22 36 20 53 28 5 38 34 42 22 33 8 39 40 33 0 31 26 25 24 2 33 33 6 36 9 20 23 14 4 0 0 0 0 0 0 0 0 0 0 0 0 0 0 0 0 0 0 0 0 
0 0 0 0 0 0 0 0 0 0 0 0 0 0 0 0 0 0 0 0 22 4 41 9 16 38 12 21 23 37 33 19 8 15 19 31 13 14 4 34 30 27 20 22 26 23 8 13 31 31 30 36 15 19 35 13 4 37 9 39 29 34 19 38 33 15 25 23 28 31 19 16 18 25 14 32 8 3 11 11 3 38 9 41 32 31 0 14 15 16 33 12 25 25 20 22 12 8 20 35 0 0 0 0 0 0 0 0 0 0 0 0 0 0 0 0 0 0 0 0 
0 0 0 0 0 0 0 0 0 0 0 0 0 0 0 0 0 0 0 0 23 11 50 13 2 39 16 22 37 37 29 33 13 18 23 37 27 3 11 43 19 37 12 11 32 37 18 9 43 25 21 32 28 34 37 27 15 44 9 43 31 39 6 43 23 29 39 10 29 43 26 10 6 39 2 29 19 16 21 6 17 32 23 50 41 26 14 0 1 24 28 8 35 21 10 17 16 14 12 29 0 0 0 0 0 0 0 0 0 0 0 0 0 0 0 0 0 0 0 0 
0 0 0 0 0 0 0 0 0 0 0 0 0 0 0 0 0 0 0 0 23 12 50 15 1 38 18 22 38 36 28 34 15 18 23 37 29 4 12 43 18 37 13 10 32 38 19 8 43 24 19 31 28 35 36 28 17 44 11 43 31 38 5 43 22 30 40 9 29 43 27 11 5 40 3 29 21 18 22 7 18 31 24 50 41 25 15 1 0 25 27 9 36 21 11 16 17 15 11 28 0 0 0 0 0 0 0 0 0 0 0 0 0 0 0 0 0 0 0 0 
0 0 0 0 0 0 0 0 0 0 0 0 0 0 0 0 0 0 0 0 12 19 26 25 24 25 27 11 26 25 25 16 24 9 7 16 18 26 19 19 30 13 34 26 10 23 23 17 19 26 30 27 8 22 22 15 19 21 24 24 16 19 26 23 31 16 24 34 16 19 4 30 24 30 25 23 21 17 25 18 16 32 19 26 17 24 16 24 25 0 26 26 11 19 33 19 8 10 21 29 0 0 0 0 0 0 0 0 0 0 0 0 0 0 0 0 0 0 0 0 
0 0 0 0 0 0 0 0 0 0 0 0 0 0 0 0 0 0 0 0 14 34 41 39 26 16 42 15 52 13 3 43 38 19 19 25 43 31 34 34 14 34 40 19 24 49 41 22 42 4 12 5 35 47 17 40 37 31 36 25 16 23 23 27 11 42 50 33 13 41 24 38 22 55 30 5 41 36 44 25 35 6 41 41 34 2 33 28 27 26 0 35 35 8 37 11 22 26 16 2 0 0 0 0 0 0 0 0 0 0 0 0 0 0 0 0 0 0 0 0 
0 0 0 0 0 0 0 0 0 0 0 0 0 0 0 0 0 0 0 0 28 8 52 7 10 44 9 28 33 43 36 31 7 22 27 40 24 5 8 45 27 38 8 19 35 34 12 14 43 32 28 39 27 30 42 25 11 47 3 48 36 43 14 47 30 26 36 12 34 43 29 4 14 34 6 36 14 13 14 11 15 40 19 52 43 33 12 8 9 26 35 0 36 28 8 24 20 16 19 36 0 0 0 0 0 0 0 0 0 0 0 0 0 0 0 0 0 0 0 0 
0 0 0 0 0 0 0 0 0 0 0 0 0 0 0 0 0 0 0 0 21 29 17 34 35 28 36 20 24 29 32 14 33 20 16 14 21 37 29 11 41 3 44 37 11 20 30 28 8 35 40 34 10 21 24 18 28 16 34 22 20 18 37 20 41 17 20 45 22 7 11 41 35 29 36 30 28 25 32 29 23 40 24 17 8 33 25 35 36 11 35 36 0 29 44 29 20 21 32 37 0 0 0 0 0 0 0 0 0 0 0 0 0 0 0 0 0 0 0 0 
0 0 0 0 0 0 0 0 0 0 0 0 0 0 0 0 0 0 0 0 8 26 38 31 20 18 35 8 44 16 8 35 31 11 13 22 35 24 26 30 14 28 34 14 19 41 33 14 36 7 12 11 27 40 17 33 29 29 28 25 13 21 18 26 13 34 43 28 10 35 18 31 16 47 23 8 33 28 36 17 27 14 33 38 30 6 25 21 21 19 8 28 29 0 31 4 14 17 10 10 0 0 0 0 0 0 0 0 0 0 0 0 0 0 0 0 0 0 0 0 
0 0 0 0 0 0 0 0 0 0 0 0 0 0 0 0 0 0 0 0 34 16 60 14 12 49 16 33 41 47 39 39 15 28 33 47 32 8 16 52 26 46 4 19 42 42 20 19 51 34 28 42 35 38 47 33 19 54 11 54 42 49 14 53 30 35 44 6 39 51 36 5 15 41 9 39 22 22 21 16 23 41 27 60 50 36 20 10 11 33 37 8 44 31 0 27 26 23 22 38 0 0 0 0 0 0 0 0 0 0 0 0 0 0 0 0 0 0 0 0 
0 0 0 0 0 0 0 0 0 0 0 0 0 0 0 0 0 0 0 0 9 22 40 28 16 22 31 9 42 20 12 34 27 10 13 24 33 20 22 32 12 29 30 11 21 40 30 10 37 9 11 15 26 38 21 31 25 31 24 28 16 24 14 29 13 32 42 24 13 36 18 27 12 45 19 12 30 25 33 13 24 17 31 40 32 9 22 17 16 19 11 24 29 4 27 0 12 15 6 13 0 0 0 0 0 0 0 0 0 0 0 0 0 0 0 0 0 0 0 0 
0 0 0 0 0 0 0 0 0 0 0 0 0 0 0 0 0 0 0 0 10 14 34 20 16 26 23 9 30 25 21 22 19 3 8 21 21 18 14 26 23 21 27 18 16 28 20 9 27 21 23 24 15 26 23 18 16 28 18 28 17 23 18 27 25 20 30 26 16 27 10 24 16 33 18 21 19 14 23 10 14 28 19 34 25 20 12 16 17 8 22 20 20 14 26 12 0 4 13 24 0 0 0 0 0 0 0 0 0 0 0 0 0 0 0 0 0 0 0 0 
0 0 0 0 0 0 0 0 0 0 0 0 0 0 0 0 0 0 0 0 14 10 36 16 15 30 19 13 27 29 25 21 15 7 11 24 18 16 10 29 25 22 24 18 19 26 16 8 28 24 25 28 14 23 27 16 12 31 15 32 21 27 17 31 27 18 28 24 20 28 13 21 15 30 15 24 16 10 19 8 10 31 16 36 27 23 8 14 15 10 26 16 21 17 23 15 4 0 14 27 0 0 0 0 0 0 0 0 0 0 0 0 0 0 0 0 0 0 0 0 
0 0 0 0 0 0 0 0 0 0 0 0 0 0 0 0 0 0 0 0 14 19 44 24 10 28 27 14 42 25 17 35 23 12 17 29 32 15 19 37 10 33 24 5 25 40 27 7 40 13 11 20 28 38 26 30 23 36 20 34 22 30 8 34 13 32 42 18 19 39 21 22 6 44 14 18 27 23 30 9 23 20 29 44 36 14 20 12 11 21 16 19 32 10 22 6 13 14 0 17 0 0 0 0 0 0 0 0 0 0 0 0 0 0 0 0 0 0 0 0 
0 0 0 0 0 0 0 0 0 0 0 0 0 0 0 0 0 0 0 0 17 35 43 41 27 17 44 17 54 14 5 45 40 21 22 27 45 32 35 36 14 36 41 19 26 51 43 23 44 4 12 6 37 49 18 42 38 33 37 27 18 25 24 28 11 44 53 34 15 43 26 39 23 57 31 7 42 38 46 26 37 4 43 43 36 4 35 29 28 29 2 36 37 10 38 13 24 27 17 0 0 0 0 0 0 0 0 0 0 0 0 0 0 0 0 0 0 0 0 0 
0 0 0 0 0 0 0 0 0 0 0 0 0 0 0 0 0 0 0 0 12 34 35 40 29 10 43 13 49 7 3 40 39 18 16 19 41 34 34 28 20 29 43 23 19 46 41 23 37 9 18 4 32 45 10 38 37 25 37 19 10 17 27 20 17 39 47 37 8 35 21 40 25 53 33 1 41 35 44 26 35 10 40 35 29 6 33 31 30 23 6 37 30 9 41 13 21 25 19 8 0 0 0 0 0 0 0 0 0 0 0 0 0 0 0 0 0 0 0 0 
0 0 0 0 0 0 0 0 0 0 0 0 0 0 0 0 0 0 0 0 15 33 16 39 35 16 41 15 35 18 23 25 38 18 13 2 30 38 33 8 36 9 47 34 4 31 37 28 17 28 35 24 19 32 13 27 33 8 38 11 10 7 36 9 35 27 32 45 13 15 10 44 34 40 37 21 35 31 39 30 29 31 32 16 8 25 30 36 36 14 26 39 12 22 46 24 20 23 29 28 0 0 0 0 0 0 0 0 0 0 0 0 0 0 0 0 0 0 0 0 
0 0 0 0 0 0 0 0 0 0 0 0 0 0 0 0 0 0 0 0 35 17 45 15 29 50 14 34 13 50 47 17 15 29 31 40 9 26 17 40 45 32 27 37 35 16 9 28 32 46 45 50 19 11 47 11 12 45 19 49 41 44 33 47 47 12 17 34 41 34 29 24 32 12 26 46 8 12 8 25 12 53 6 45 37 45 15 27 29 25 48 22 29 39 29 37 25 22 35 49 0 0 0 0 0 0 0 0 0 0 0 0 0 0 0 0 0 0 0 0 
0 0 0 0 0 0 0 0 0 0 0 0 0 0 0 0 0 0 0 0 17 39 37 45 33 10 48 18 54 7 6 45 44 23 22 22 46 38 39 31 22 33 48 27 23 51 46 28 41 12 20 3 37 50 12 44 42 27 42 20 14 19 31 22 19 45 52 41 13 39 25 45 30 59 37 6 46 41 49 31 40 9 46 37 32 9 38 35 34 29 8 42 34 14 45 18 27 30 23 8 0 0 0 0 0 0 0 0 0 0 0 0 0 0 0 0 0 0 0 0 
0 0 0 0 0 0 0 0 0 0 0 0 0 0 0 0 0 0 0 0 7 31 29 37 28 9 40 8 43 8 9 33 36 14 11 13 35 32 31 22 23 22 42 24 12 40 37 21 30 14 22 10 26 39 7 33 33 19 35 15 4 12 27 16 22 34 41 37 1 29 14 39 25 48 31 7 36 31 40 24 30 17 35 29 22 11 29 30 29 17 12 35 23 10 40 13 17 21 19 14 0 0 0 0 0 0 0 0 0 0 0 0 0 0 0 0 0 0 0 0 
0 0 0 0 0 0 0 0 0 0 0 0 0 0 0 0 0 0 0 0 2 22 32 28 20 18 31 1 37 17 14 28 27 5 5 17 28 24 22 24 20 21 33 18 13 34 28 13 29 15 19 16 20 33 16 26 24 24 25 22 10 18 20 22 20 27 36 30 8 28 10 30 18 41 23 13 28 23 31 15 22 21 27 32 24 13 20 21 21 12 15 26 21 8 31 8 8 12 13 17 0 0 0 0 0 0 0 0 0 0 0 0 0 0 0 0 0 0 0 0 
0 0 0 0 0 0 0 0 0 0 0 0 0 0 0 0 0 0 0 0 15 39 31 45 35 3 48 16 51 0 10 40 44 22 19 16 43 40 39 25 27 27 49 30 18 47 45 29 35 16 25 9 33 47 5 40 41 20 42 13 9 13 34 15 24 41 48 44 9 33 21 46 32 55 39 8 44 39 48 32 38 15 43 31 26 13 37 37 36 25 13 43 29 16 47 20 25 29 25 14 0 0 0 0 0 0 0 0 0 0 0 0 0 0 0 0 0 0 0 0 
0 0 0 0 0 0 0 0 0 0 0 0 0 0 0 0 0 0 0 0 11 32 37 37 25 13 40 11 48 11 2 39 36 16 16 21 39 30 32 30 16 29 40 19 20 45 39 20 38 6 14 5 31 44 13 37 34 27 34 22 12 19 23 23 14 38 47 34 9 36 20 37 22 52 29 2 38 33 42 23 33 9 38 37 30 3 31 27 26 23 4 34 30 6 37 10 19 23 16 6 0 0 0 0 0 0 0 0 0 0 0 0 0 0 0 0 0 0 0 0 
0 0 0 0 0 0 0 0 0 0 0 0 0 0 0 0 0 0 0 0 4 28 30 34 25 12 37 5 41 11 9 32 33 11 9 14 33 29 28 23 21 22 39 21 12 38 34 18 30 13 20 11 24 37 10 31 30 21 31 18 6 14 24 18 20 32 40 34 3 29 13 36 22 45 28 8 34 28 37 21 28 17 33 30 23 10 26 26 26 16 12 32 23 8 37 11 14 18 16 14 0 0 0 0 0 0 0 0 0 0 0 0 0 0 0 0 0 0 0 0 
0 0 0 0 0 0 0 0 0 0 0 0 0 0 0 0 0 0 0 0 23 9 38 13 20 38 14 22 18 38 35 14 11 17 19 30 9 19 9 32 34 24 24 27 24 18 9 17 27 34 34 38 11 15 35 8 6 35 14 38 29 33 24 37 36 10 20 28 29 28 18 21 22 21 19 34 7 4 11 15 2 41 6 38 29 33 5 19 20 14 36 17 21 27 25 25 13 10 24 37 0 0 0 0 0 0 0 0 0 0 0 0 0 0 0 0 0 0 0 0 
0 0 0 0 0 0 0 0 0 0 0 0 0 0 0 0 0 0 0 0 15 38 20 44 37 8 46 16 44 10 18 33 42 21 16 6 37 41 38 14 34 18 50 34 10 39 42 30 25 24 32 18 27 40 5 35 39 10 42 5 7 2 37 5 32 35 40 47 10 23 16 47 35 48 40 16 41 36 45 32 35 25 39 20 16 21 35 38 38 20 21 43 20 20 49 23 23 27 29 23 0 0 0 0 0 0 0 0 0 0 0 0 0 0 0 0 0 0 0 0 
0 0 0 0 0 0 0 0 0 0 0 0 0 0 0 0 0 0 0 0 22 21 26 26 30 34 27 21 17 34 35 6 24 18 17 21 11 30 21 21 40 12 37 34 17 13 21 24 14 36 39 37 2 13 30 8 19 25 26 30 25 26 33 28 41 8 14 39 26 15 13 33 31 21 30 33 19 16 23 24 15 42 15 26 18 34 17 30 30 10 36 29 9 29 37 28 16 16 30 39 0 0 0 0 0 0 0 0 0 0 0 0 0 0 0 0 0 0 0 0 
0 0 0 0 0 0 0 0 0 0 0 0 0 0 0 0 0 0 0 0 18 11 35 16 19 33 18 17 22 33 30 15 14 12 14 25 12 19 11 28 30 21 26 24 20 20 13 14 25 30 31 33 9 17 30 10 10 31 16 34 24 28 22 32 32 12 22 28 24 25 13 22 20 25 19 29 12 7 16 13 6 36 11 35 26 29 6 18 19 9 31 18 18 23 26 21 9 6 20 33 0 0 0 0 0 0 0 0 0 0 0 0 0 0 0 0 0 0 0 0 
0 0 0 0 0 0 0 0 0 0 0 0 0 0 0 0 0 0 0 0 18 35 45 40 26 20 43 18 54 17 7 46 40 22 23 29 45 31 35 38 12 37 40 18 28 52 42 23 46 4 10 8 38 50 21 43 38 35 36 29 20 27 23 31 9 45 54 32 17 44 28 38 22 58 30 9 43 38 46 26 37 4 44 45 38 5 35 28 27 30 4 36 38 11 37 13 25 28 16 2 0 0 0 0 0 0 0 0 0 0 0 0 0 0 0 0 0 0 0 0 
0 0 0 0 0 0 0 0 0 0 0 0 0 0 0 0 0 0 0 0 13 36 22 42 35 7 45 14 43 9 16 33 41 19 14 7 37 39 36 16 31 18 48 32 10 39 41 28 26 22 30 16 26 40 4 34 37 12 40 7 5 4 35 8 30 34 40 45 8 24 15 45 33 48 38 14 40 35 44 30 34 23 38 22 17 19 33 36 36 19 19 41 21 18 47 21 22 26 27 21 0 0 0 0 0 0 0 0 0 0 0 0 0 0 0 0 0 0 0 0 
0 0 0 0 0 0 0 0 0 0 0 0 0 0 0 0 0 0 0 0 23 8 39 12 19 38 14 22 19 38 34 15 11 16 19 30 9 18 8 32 33 24 23 26 25 19 9 16 28 34 33 37 12 16 35 9 6 35 13 38 29 33 23 37 35 11 21 27 28 28 18 20 22 22 18 34 7 3 11 14 1 40 6 39 30 33 4 18 19 14 35 16 22 27 24 24 13 9 23 37 0 0 0 0 0 0 0 0 0 0 0 0 0 0 0 0 0 0 0 0 
0 0 0 0 0 0 0 0 0 0 0 0 0 0 0 0 0 0 0 0 4 27 27 34 26 13 36 5 38 13 13 28 32 10 6 11 30 30 27 19 25 18 39 24 8 35 33 19 26 17 23 15 21 34 10 28 29 18 31 16 4 11 26 16 24 29 36 36 4 25 9 36 24 43 29 12 32 27 36 21 26 21 31 27 19 14 25 27 27 13 16 32 19 11 38 13 13 17 19 18 0 0 0 0 0 0 0 0 0 0 0 0 0 0 0 0 0 0 0 0 
0 0 0 0 0 0 0 0 0 0 0 0 0 0 0 0 0 0 0 0 19 13 48 17 3 34 21 18 39 32 24 33 17 14 20 33 29 8 13 40 15 35 17 7 29 38 21 5 41 20 16 27 27 35 32 28 18 40 13 39 27 35 4 39 18 30 40 13 25 41 24 15 2 41 7 25 22 18 24 5 19 27 25 48 38 21 16 5 4 22 23 12 34 16 15 12 14 13 7 24 0 0 0 0 0 0 0 0 0 0 0 0 0 0 0 0 0 0 0 0 
0 0 0 0 0 0 0 0 0 0 0 0 0 0 0 0 0 0 0 0 39 28 39 28 40 51 27 38 1 52 52 12 27 34 34 39 11 38 28 36 53 28 40 47 35 6 22 36 25 52 54 54 19 6 48 13 23 41 31 48 43 43 44 45 55 11 6 46 43 27 31 37 42 4 38 50 20 22 21 35 21 59 15 39 33 51 24 38 40 27 53 34 25 45 42 43 31 29 43 55 0 0 0 0 0 0 0 0 0 0 0 0 0 0 0 0 0 0 0 0 
0 0 0 0 0 0 0 0 0 0 0 0 0 0 0 0 0 0 0 0 31 17 39 18 29 45 18 30 9 45 43 10 17 25 26 34 2 27 17 34 43 25 30 36 29 10 12 26 26 43 44 46 13 6 41 5 13 38 21 43 36 38 33 41 46 5 12 36 36 27 24 27 32 11 27 42 10 11 13 25 11 50 5 39 31 42 14 28 29 20 44 24 23 36 32 34 22 19 33 46 0 0 0 0 0 0 0 0 0 0 0 0 0 0 0 0 0 0 0 0 
preAssignNurse
0 0 0 0 0 0 0 0 0 0 0 0 0 0 0 0 0 0 0 0 0 0 0 0 0 0 0 0 0 0 0 0 0 0 0 0 0 0 0 0 0 0 0 0 0 0 0 0 0 0 0 0 0 0 0 0 0 0 0 0 0 0 0 0 0 0 0 0 0 0 0 0 0 0 0 0 0 0 0 0 
preAssignDays
0 0 0 0 1 
0 1 0 1 0 
0 0 0 1 0 
0 0 0 1 1 
0 0 0 0 1 
1 0 1 0 1 
0 1 1 1 0 
0 0 0 0 1 
0 0 1 1 1 
0 1 0 1 0 
0 1 1 1 1 
1 1 1 0 0 
1 1 1 0 0 
1 0 1 1 1 
0 0 0 0 1 
0 1 0 1 1 
1 0 1 1 0 
0 1 1 1 1 
0 1 1 0 0 
1 1 1 1 1 
1 0 1 1 1 
0 0 1 1 1 
0 0 1 1 1 
0 0 0 1 0 
1 1 0 1 1 
0 1 0 1 1 
0 1 1 1 0 
0 1 0 1 0 
0 0 0 0 1 
0 0 0 0 1 
0 0 0 1 0 
0 0 0 1 1 
0 1 0 1 1 
0 0 1 0 1 
0 0 0 1 0 
0 0 0 1 1 
0 0 1 1 0 
0 0 0 1 1 
0 0 0 1 1 
0 1 1 0 1 
0 1 0 1 1 
0 1 1 0 1 
0 0 0 1 1 
0 1 0 1 1 
0 0 1 1 1 
0 1 1 0 1 
0 1 1 1 0 
0 0 0 0 1 
0 0 1 1 0 
0 0 0 0 1 
1 0 0 0 1 
0 0 0 0 1 
0 1 1 1 0 
0 1 1 1 0 
0 0 1 1 1 
0 0 0 1 1 
0 0 0 0 1 
0 0 0 0 1 
0 0 0 0 1 
0 0 1 1 1 
0 1 0 1 0 
1 0 0 1 0 
0 1 1 0 0 
0 1 1 0 1 
0 0 1 1 1 
0 0 1 0 0 
1 0 0 1 1 
0 1 1 1 0 
0 0 0 1 1 
0 0 1 0 1 
1 1 0 1 1 
1 0 1 1 0 
1 0 0 1 1 
0 0 0 1 1 
0 0 0 0 1 
0 1 1 0 1 
0 0 0 0 1 
0 0 0 1 1 
1 1 1 1 0 
0 0 1 1 0 
